73
10
00
30
37
01
00
01
13
01
F1
FF
97
02
00
00
93
82
42
22
93
E2
12
00
73
90
52
30
13
03
10
00
13
13
B3
00
73
10
43
30
73
10
00
30
37
14
00
00
13
04
84
38
B7
12
00
00
93
82
02
08
B3
82
82
00
93
82
02
FF
23
A0
02
00
23
A2
02
00
23
A4
02
00
23
A6
02
00
E3
46
54
FE
93
02
10
00
23
20
54
00
23
22
54
00
23
24
54
00
13
05
04
00
EF
00
40
20
13
0B
20
00
93
0B
00
00
13
0C
00
00
93
0C
00
00
13
0D
00
00
93
0D
00
00
93
0A
00
00
93
62
80
00
93
09
40
00
93
0A
00
00
EF
00
40
04
93
09
80
00
93
0A
10
00
EF
00
80
03
93
09
40
00
93
0A
00
00
EF
00
C0
02
93
09
40
00
93
0A
30
00
EF
00
00
02
93
09
80
00
93
0A
20
00
EF
00
40
01
93
09
40
00
93
0A
30
00
EF
00
80
00
6F
F0
9F
FB
13
01
C1
FF
23
20
11
00
6F
00
80
01
93
89
F9
FF
E3
1C
30
FF
83
20
01
00
13
01
41
00
67
80
00
00
93
05
0B
00
13
86
0B
00
93
06
0D
00
13
87
0D
00
EF
00
C0
3B
63
0C
F0
10
93
05
0C
00
13
86
0C
00
93
06
04
00
EF
00
00
3B
03
2E
05
00
13
01
C1
FF
23
20
C1
01
93
0E
10
00
93
F2
7C
00
B3
9E
5E
00
93
CE
FE
FF
33
7F
DE
01
23
20
E5
01
93
05
0C
00
13
86
0C
00
93
76
FF
0F
EF
00
C0
19
93
F2
7C
00
13
03
20
00
33
03
53
02
93
03
03
01
03
2E
01
00
13
01
41
00
33
5E
7E
00
93
77
3E
00
93
06
0C
00
13
87
0C
00
EF
00
C0
2C
13
8C
05
00
93
0C
06
00
93
05
0B
00
13
86
0B
00
93
06
04
00
EF
00
80
33
03
2E
05
00
93
F2
7B
00
13
03
20
00
33
03
53
02
93
03
03
01
93
0E
30
00
B3
9E
7E
00
93
CE
FE
FF
33
7E
DE
01
B3
9E
7A
00
33
6E
DE
01
23
20
C5
01
93
06
0B
00
13
87
0B
00
93
87
0A
00
EF
00
40
27
13
8B
05
00
93
0B
06
00
93
06
04
00
EF
00
80
2E
03
2E
05
00
93
F2
7B
00
93
0E
10
00
B3
9E
5E
00
33
6E
DE
01
23
20
C5
01
93
F2
7B
00
13
03
10
00
33
13
53
00
33
6E
6E
00
93
05
0B
00
13
86
0B
00
93
76
FE
0F
EF
00
00
0D
6F
00
80
00
6F
F0
5F
F6
6F
F0
DF
EB
13
00
00
00
13
00
00
00
13
00
00
00
13
00
00
00
13
00
00
00
13
00
00
00
13
00
00
00
13
00
00
00
13
00
00
00
13
00
00
00
13
00
00
00
6F
F0
5F
FD
13
00
00
00
13
00
00
00
13
00
00
00
13
00
00
00
93
02
10
00
37
03
00
01
13
03
33
00
37
8F
00
00
13
0F
0F
0B
33
6F
5F
00
13
1F
0F
01
13
6F
0F
0B
33
6F
5F
00
23
20
E3
01
93
03
20
00
13
0E
00
00
93
0F
40
08
B3
8F
5F
02
B3
8F
CF
01
13
0F
40
00
B3
8F
EF
03
B3
8F
AF
00
83
AE
0F
00
03
AF
4F
00
93
FE
FE
0F
13
7F
FF
0F
93
9E
0E
01
B3
EE
EE
01
37
4F
00
C0
B3
EE
EE
01
23
20
D3
01
13
0E
2E
00
E3
10
7E
FC
93
82
F2
FF
E3
DA
02
F8
67
80
00
00
B7
02
00
01
93
82
32
00
13
83
05
00
13
73
F3
00
37
8F
00
00
33
6F
6F
00
13
1F
0F
01
13
6F
0F
01
93
D5
45
00
93
F5
F5
00
33
6F
BF
00
23
A0
E2
01
13
56
36
00
37
8F
00
00
13
0F
0F
0B
33
6F
CF
00
13
1F
0F
01
B7
4E
00
00
33
6F
DF
01
33
6F
DF
00
23
A0
E2
01
67
80
00
00
B7
02
00
01
93
82
32
00
13
03
C0
03
A3
A0
62
00
13
03
30
00
23
A1
62
00
13
03
E0
0A
23
A0
62
00
13
03
40
0A
23
A0
62
00
13
03
50
0D
23
A0
62
00
13
03
00
05
23
A0
62
00
13
03
80
0A
23
A0
62
00
13
03
F0
03
23
A0
62
00
13
03
30
0D
23
A0
62
00
13
03
00
00
23
A0
62
00
13
03
00
04
23
A0
62
00
13
03
D0
0A
23
A0
62
00
13
03
B0
08
23
A0
62
00
13
03
A0
0D
23
A0
62
00
13
03
20
01
23
A0
62
00
13
03
10
08
23
A0
62
00
13
03
F0
0C
23
A0
62
00
13
03
90
0D
23
A0
62
00
13
03
20
02
23
A0
62
00
13
03
B0
0D
23
A0
62
00
13
03
50
03
23
A0
62
00
13
03
40
0A
23
A0
62
00
13
03
60
0A
23
A0
62
00
13
03
A0
0D
23
A0
62
00
13
03
20
01
23
A0
62
00
13
03
10
0A
23
A0
62
00
13
03
80
0C
23
A0
62
00
13
03
00
00
23
A0
62
00
13
03
00
01
23
A0
62
00
13
03
F0
0A
23
A0
62
00
13
03
F0
00
23
A1
62
00
67
80
00
00
93
02
10
00
93
F3
17
00
13
D3
17
00
13
73
13
00
13
0E
E0
FF
33
03
C3
03
13
03
13
00
93
85
06
00
13
06
07
00
63
86
72
02
B3
85
65
00
93
02
F0
FF
63
88
55
00
93
02
40
08
63
88
55
00
6F
00
C0
02
93
05
30
08
6F
00
40
02
93
05
00
00
6F
00
C0
01
33
06
66
00
93
02
F0
FF
63
06
56
00
13
76
F6
03
6F
00
80
00
13
06
F0
03
67
80
00
00
B3
C7
D5
00
B3
42
E6
00
B3
E7
57
00
67
80
00
00
93
07
10
00
67
80
00
00
13
5E
36
00
93
0E
40
08
33
0E
DE
03
93
95
25
00
33
05
BE
00
33
05
D5
00
67
80
00
00
