73
10
00
30
97
02
00
00
93
82
02
08
93
E2
12
00
73
90
52
30
B7
06
00
01
93
86
66
00
23
A0
06
00
A3
A0
06
00
23
A1
06
00
A3
A1
06
00
B7
20
B7
00
93
80
00
B0
B7
10
00
00
23
A1
16
00
93
06
00
08
73
90
46
30
93
06
80
00
73
90
06
30
B7
06
00
01
37
07
00
01
13
07
67
00
13
06
00
00
93
05
F0
0F
6F
00
00
00
63
18
06
00
23
A0
B6
00
13
06
10
00
6F
00
C0
00
23
A0
06
00
13
06
00
00
23
20
07
00
73
00
20
30
13
00
00
00
13
00
00
00
13
00
00
00
13
00
00
00
13
00
00
00
13
00
00
00
13
00
00
00
6F
F0
5F
FC
13
00
00
00
13
00
00
00
13
00
00
00
13
00
00
00
13
00
00
00
13
00
00
00
13
00
00
00
13
00
00
00
